 01 [2.4, 2.3000000000000003, 2.6, 1.8, 1.7000000000000002]
 08 [5.199999999999999, 2.2, 2.2, 1.9000000000000001, 1.5]
 02 [1.7000000000000002, 1.6, 1.8, 1.8, 1.4000000000000001]
 09 [6.1, 1.2000000000000002, 1.7000000000000002, 2.9, 2.4]
 00 [4.1, 0.7999999999999999, 1.9000000000000001, 1.6, 1.7000000000000002]
 03 [3.9, 3.3000000000000003, 1.8, 2.5, 1.8]
 07 [2.5, 2.4, 1.7000000000000002, 1.9000000000000001, 1.7000000000000002]
 04 [4.8, 1.9000000000000001, 1.5, 2.1, 2.3000000000000003]
 06 [4.0, 2.0, 1.8, 1.5, 1.4000000000000001]
 05 [5.3, 1.6, 2.5, 1.6, 1.4000000000000001]
 12 [4.199999999999999, 1.5, 1.7000000000000002, 1.7000000000000002, 1.7000000000000002]
 10 [5.0, 1.9000000000000001, 1.8, 1.4000000000000001, 1.7000000000000002]
 11 [0.2, 2.2, 1.7000000000000002, 1.7000000000000002, 1.8]
 14 [4.5, 2.3000000000000003, 2.9, 2.8000000000000003, 1.6]
 13 [1.8, 2.7, 2.5, 1.8, 2.5]
 15 [0.1, 2.6, 1.9000000000000001, 2.1, 2.6]
 16 [1.9000000000000001, 2.7, 1.7000000000000002, 0.7999999999999999, 0.9]
 17 [5.0, 2.4, 1.9000000000000001, 3.7, 2.2]
 18 [4.699999999999999, 2.7, 1.6, 1.2000000000000002, 1.5]
 19 [5.8, 2.7, 2.6, 1.5, 1.6]
 20 [2.2, 3.3000000000000003, 3.0, 2.5, 1.8]
 21 [0.6, 1.9000000000000001, 2.2, 2.4, 2.0]
 23 [0.1, 1.4000000000000001, 2.1, 1.5, 1.7000000000000002]
 22 [-0.7, 1.5, 2.1, 2, 1.7000000000000002]
 25 [0, 2.5, 2.4, 1.7, 1.8]
 24 [0, 1.45, 1.8, 1.5, 1.8]
 29 [-0.6, 2.1, 2.2, 1.7, 1.8]
 26 [0, 2.5, 2.4, 1.7, 1.8]
 27 [-0.6, 2.1, 2.2, 1.7, 1.8]
 28 [-0.6, 2.1, 2.2, 1.7, 1.8]
 30 [-0.6, 2.1, 2.2, 1.7, 1.8]
 31 [-0.8, 2.4, 2.5, 1.7000000000000002, 2.0]
 33 [0, 2.5, 2.5, 2, 1.5]
 32 [0, 2.5, 2.5, 2, 1.5]
 34 [-0.8, 2.2, 2.2, 1.9, 1.5]
 35 [-0.5, 4.3, 5.5, 5, 4]
 38 [0, 2.8, 2.8, 1.7, 1.8]
 37 [3.5, 2.8, 3, 1.7, 1.8]
 36 [-0.5, 4.3, 5.5, 5, 4]
 39 [-0.1, 2.5, 2.5, 1.7, 1.8]
 40 [-0.1, 2.5, 2.5, 1.7, 1.8]
 41 [2, 2.5, 2.5, 1.7, 1.8]
 42 [2, 2.5, 2.5, 1.7, 1.8]
 43 [2, 2.5, 2.5, 1.7, 1.8]
 45 [1.1, 3.1, 2.8000000000000003, 1.2000000000000002, 2.7]
 44 [6.3, 5.3, 4.0, 4.699999999999999, 3.4]
 46 [0.9, 1.9000000000000001, 2.5, 1.5, 2.4]
 47 [5, 1.81, 3.7, 2.9, 3]
 48 [4.5, 1.3, 2, 1.4000000000000001, 1.6]
 49 [3.2, 1.6, 1.9000000000000001, 2.1, 1.7000000000000002]
 50 [0.30000000000000004, 1.9000000000000001, 1.7000000000000002, 1.5, 1.4000000000000001]
 51 [1.8, 1.5, 1.6, 1.5, 0.7999999999999999]
 52 [2.7, 1.7000000000000002, 1.9000000000000001, 1.2000000000000002, 1.5]
 53 [3.2, 2.1, 1.6, 1.7000000000000002, 1.7000000000000002]
 54 [3.2, 1.8, 2.2, 1.6, 1.6]
 55 [0.3, 2.1, 1.9, 1.6, 1.7]
 56 [0.3, 2.1, 1.9, 1.6, 1.7]
 59 [1.1, 2.2, 1.8, 1.9000000000000001, 1.6]
 57 [5.6, 1.2000000000000002, 2.2, 2.1, 1.7000000000000002]
 58 [3.6, 1.7000000000000002, 2.3000000000000003, 1.6, 1.6]
 60 [3.8000000000000003, 1.6, 2.3000000000000003, 1.2000000000000002, 1.6]
 61 [0.1, 2.3000000000000003, 1.8, 1.7000000000000002, 2.0]
 62 [0.1, 1.0, 2.1, 1.9000000000000001, 2.1]
 63 [2.9, 2.2, 2.0, 0.7999999999999999, 1.3]
 64 [0.1, 1.0, 2.1, 1.9000000000000001, 2.1]
 65 [2.8000000000000003, 1.5, 2.1, 1.6, 1.6]
 66 [2.8000000000000003, 2.0, 1.9000000000000001, 1.7000000000000002, 1.8]
 68 [0.5, 1.4000000000000001, 1.8, 1.4000000000000001, 1.6]
 69 [0.5, 1.4000000000000001, 1.8, 1.4000000000000001, 1.6]
 67 [2.8000000000000003, 2.0, 1.9000000000000001, 1.7000000000000002, 1.8]
 70 [2.2, 1.7000000000000002, 2.2, 1.6, 1.8]
 71 [0.5, 1.4000000000000001, 1.8, 1.4000000000000001, 1.6]
 73 [6.199999999999999, 1.3, 1.8, 1.4000000000000001, 1.3]
 72 [0.5, 1.4000000000000001, 1.8, 1.4000000000000001, 1.6]